107
214
321
428
535
642
749
856
963
1070
1177
1284
1391
1498
107
214
321
428
535
642
749
749
749
749
749
749
749
107
214
321
428
428
428
428
428
428
428
428
428
428
428
428
428
428
428
428
428
428
428
428
428
107
214
214
214
214
214
214
214
214
107
107
214
214
107
214
214
214
107
214
107
214
214
107
107
107
107
214
107
214
214
214
107
214
214
214
214
107
107
214
214
214
214
214
214
214
214
214
107
107
107
214
214
214
214
107
107
214
214
214
107
214
214
214
214
214
107
214
107
107
107
214
214
107
107
107
107
214
214
214
214
107
214
214
214
214
107
214
214
214
214
107
214
214
107
107
107
214
214
107
107
214
214
214
107
214
107
214
214
214
107
214
214
214
214
107
107
107
107
107
107
107
214
214
214
214
107
107
214
107
214
107
214
214
107
214
214
214
214
214
214
107
214
214
107
214
214
107
107
214
214
107
214
214
214
214
107
214
214
107
107
107
214
107
214
214
214
214
107
214
214
107
107
107
214
214
107
107
107
214
214
214
214
214
107
214
214
214
214
214
214
214
107
107
107
214
214
214
214
214
214
214
107
214
107
214
107
107
107
107
214
214
214
214
214
214
107
214
214
107
214
214
214
107
214
107
214
107
107
107
107
214
214
107
214
214
107
214
214
214
107
214
214
107
214
214
107
107
107
214
214
214
214
107
107
214
214
214
214
214
214
107
214
107
214
214
214
214
107
107
214
107
107
107
214
214
107
214
214
214
214
214
107
214
214
107
107
107
214
214
214
107
214
214
107
214
214
107
214
214
214
214
107
107
107
214
214
214
214
107
107
107
214
214
214
214
214
107
214
214
107
107
107
214
214
214
214
214
