107
214
321
428
535
642
749
856
963
1070
1177
1284
1391
1498
1605
1712
1819
1926
2033
2140
2247
2354
2461
2568
2675
2782
2889
2996
3103
3210
3317
3424
3531
3638
3745
3852
3959
4066
4173
4280
4387
4494
4601
4708
4815
4922
5029
5136
5243
5350
5457
5564
5671
5778
5885
5992
6099
6206
6313
6420
6527
6634
6741
6848
6955
7062
7169
7276
7383
7490
7597
7704
7811
7918
8025
8132
8239
8346
8453
8560
8667
8774
8881
8988
9095
9202
9309
9416
9523
9630
9737
9844
9951
10058
10165
10272
10379
10486
10593
10700
10807
10914
11021
11128
11235
11342
11449
11556
11663
11770
11877
11984
12091
12198
12305
12412
12519
12626
12733
12840
12947
13054
13161
13268
13375
13482
13589
13696
13803
13910
14017
14124
14231
14338
14445
14552
14659
14766
14873
14980
15087
15194
15301
15408
15515
15622
15729
15836
15943
16050
16050
16050
16050
16050
16050
16050
16050
16050
16050
16050
16050
16050
16050
16050
16050
16050
16050
16050
16050
16050
16050
16050
16050
16050
16050
16050
16050
16050
16050
16050
16050
16050
16050
16050
16050
16050
16050
16050
16050
16050
16050
16050
16050
16050
16050
16050
16050
16050
16050
16050
16050
16050
16050
16050
16050
16050
16050
16050
16050
16050
16050
16050
16050
16050
16050
16050
16050
16050
16050
16050
16050
16050
16050
16050
16050
16050
16050
16050
16050
16050
16050
16050
16050
16050
16050
16050
16050
16050
16050
16050
16050
16050
16050
16050
16050
16050
16050
16050
16050
16050
16050
16050
16050
16050
16050
16050
16050
16050
16050
16050
16050
16050
16050
16050
16050
16050
16050
16050
16050
16050
16050
16050
16050
16050
16050
16050
16050
16050
16050
16050
16050
16050
16050
16050
16050
16050
16050
16050
107
214
321
428
535
642
749
856
963
1070
1177
1284
1391
1498
1605
1712
1819
1926
2033
2140
2247
2354
2461
2568
2675
2782
2889
2996
3103
3210
3317
3424
3531
3638
3745
3852
3959
4066
4173
4280
4387
4494
4601
4708
4815
4922
5029
5136
5243
5350
5457
5564
5671
5778
5885
5992
6099
6206
6313
6420
6527
6634
6741
6848
6955
7062
7169
7276
7383
7490
7597
7704
7811
7918
8025
8025
8025
8025
8025
8025
8025
8025
8025
8025
8025
8025
8025
8025
8025
8025
8025
8025
8025
8025
8025
8025
8025
8025
8025
8025
8025
8025
8025
8025
8025
8025
8025
8025
8025
8025
8025
8025
8025
8025
8025
8025
8025
8025
8025
8025
8025
8025
8025
8025
8025
8025
8025
8025
8025
8025
8025
8025
8025
8025
8025
8025
8025
8025
8025
8025
8025
8025
8025
8025
8025
8025
8025
8025
8025
8025
8025
8025
8025
8025
8025
8025
8025
8025
8025
8025
8025
8025
8025
8025
8025
8025
8025
8025
8025
8025
8025
8025
8025
8025
8025
8025
8025
8025
8025
8025
8025
8025
8025
8025
8025
8025
8025
8025
8025
8025
8025
8025
8025
8025
8025
8025
8025
8025
8025
8025
8025
8025
8025
8025
8025
8025
8025
8025
8025
8025
8025
8025
8025
8025
8025
8025
8025
8025
8025
8025
8025
8025
8025
8025
8025
8025
8025
8025
8025
8025
8025
8025
8025
8025
8025
8025
8025
8025
8025
8025
8025
8025
8025
8025
8025
8025
8025
8025
8025
8025
8025
8025
8025
8025
8025
8025
8025
8025
8025
8025
8025
8025
8025
8025
8025
8025
8025
8025
8025
8025
8025
8025
8025
8025
8025
8025
8025
8025
8025
8025
8025
8025
8025
8025
8025
8025
8025
8025
8025
8025
8025
8025
8025
8025
8025
8025
8025
8025
8025
8025
8025
8025
8025
8025
8025
8025
8025
8025
8025
8025
8025
8025
8025
8025
8025
8025
8025
8025
8025
8025
8025
8025
8025
8025
8025
8025
8025
8025
8025
8025
8025
8025
8025
8025
8025
8025
8025
8025
8025
8025
8025
8025
8025
8025
8025
8025
8025
8025
8025
8025
8025
8025
8025
8025
8025
8025
8025
8025
8025
8025
8025
8025
8025
8025
8025
8025
8025
8025
8025
8025
8025
8025
8025
8025
8025
8025
8025
8025
8025
8025
8025
8025
8025
8025
8025
8025
8025
8025
8025
8025
8025
8025
8025
8025
8025
8025
8025
8025
